sub_04 227 237 237 238 240 232 238 237
sub_05 247 239 256 245 244 243 236 244
sub_06 257 245 244 240 242 296 244 256
sub_07 235 245 244 233 249 238 255 237
sub_12 236 236 247 238 239 243 243 226
sub_13 240 239 252 256 255 250 270 247
sub_14 232 227 237 242 242 239 233 241
sub_15 273 254 279 252 270 278 257 257
sub_16 261 257 253 240 241 258 237 245
sub_17 245 234 238 241 240 245 248 229
sub_18 245 246 243 238 249 244 235 243
sub_19 249 278 234 247 260 246 247 263
sub_20 233 247 245 318 239 236 244 240
sub_21 233 233 245 250 234 244 242 235
sub_23 238 258 253 244 257 255 255 255
sub_24 245 229 234 240 236 237 231 235
sub_25 253 238 242 240 248 257 248 259
sub_26 259 272 249 258 249 256 253 287
sub_27 250 249 270 257 260 262 268 258
sub_28 243 247 248 239 250 245 248 250
sub_29 262 252 262 256 277 266 246 255
sub_30 242 245 239 237 243 248 240 240
sub_31 239 239 233 235 230 250 247 236
sub_32 246 240 251 239 256 240 250 302
sub_33 241 254 247 251 241 252 246 238
sub_34 247 249 250 241 243 243 252 234
sub_35 239 246 257 252 258 254 251 244
sub_36 251 255 258 253 256 247 275 248
sub_37 251 250 247 253 251 251 254 242
sub_38 249 279 265 243 239 289 261 246
sub_39 245 240 257 243 250 244 262 242
sub_40 247 255 242 260 258 287 250 318
sub_41 239 239 231 239 238 234 241 241
sub_42 247 247 244 244 248 257 245 259
sub_43 249 241 261 246 252 240 242 265
sub_44 248 247 247 242 260 256 244 260
sub_45 255 261 246 241 242 334 249 254
sub_46 238 252 242 239 236 257 242 241
sub_47 266 256 276 252 256 269 263 248
sub_48 243 248 243 242 244 255 239 245
sub_50 243 247 238 238 240 241 241 243
sub_51 242 256 262 248 253 251 248 248
sub_52 267 276 252 254 280 266 283 266
sub_53 244 239 254 246 245 246 240 245
sub_54 264 273 250 240 268 240 251 260
sub_55 240 251 251 248 240 238 246 244
sub_56 250 257 251 241 249 248 250 251
sub_57 245 251 237 243 246 237 236 248
sub_58 243 272 254 231 244 246 239 245
sub_59 238 247 239 241 247 242 243 232
sub_60 244 255 246 245 259 264 261 288
sub_61 246 243 243 245 250 247 239 244
sub_62 236 242 237 240 243 246 252 252
sub_63 238 238 254 242 241 247 256 248
sub_64 260 244 259 253 252 256 247 254
sub_65 333 254 333 256 247 245 247 262
sub_66 244 239 246 249 261 242 244 217
